--------------------------------------------
Input: map3.txt	 Output: out.txt
--------------------------------------------
No seed
 -1 -1 -1 -1 -1 -1 -1 -1 -1 -1 -1 -1 -1 -1 -1 -1 -1 -1 -1 -1
 -1  0  0  0  0  0  0  0  0  0  0  0  0  0  0  0  0  0  0 -1
 -1  0  0  0  0  0  0  0  0  0  0  0  0  0  0  0  0  0  0 -1
 -1  0  0  0  0  0  0  0  0  0  0  0  0  0  0  0  0  0  0 -1
 -1  0  0  0  0  0  0  0  0  0  0  0  0  0  0  0  0  0  0 -1
 -1  0  0  0  0  0  0  0  0  0  0  0  0  0  0  0  0  0  0 -1
 -1  0  0  0  0  0  0  0  0  0  0  0  0  0  0  0  0  0  0 -1
 -1  0  0  0  0  0  0  0  0  0  0  0  0  0  0  0  0  0  0  0
 -1  0  0  0  0  0  0  0  0  0  0  1  0  0  0  0  0  0  0 -1
 -1  0  0  0  0  0  0  0  0  0  0  0  0  0  0  0  0  0  0 -1
 -1  0  0  0  0  0  0  0  0  0  0  0  0  0  0  0  0  0  0 -1
 -1  0  0  0  0  0  0  0  0  0  0  0  0  0  0  0  0  0  0 -1
 -1  0  0  0  0  0  0  0  0  0  0  0  0  0  0  0  0  0  0 -1
 -1  0  0  0  0  0  0  0  0  0  0  0  0  0  0  0  0  0  0 -1
 -1  0  0  0  0  0  0  0  0  0  0  0  0  0  0  0  0  0  0  0
 -1  0  0  0  0  0  0  0  0  0  0  0  0  0  0  0  0  0  0 -1
 -1  0  0  0  0  0  0  0  0  0  0  0  0  0  0  0  0  0  0 -1
 -1  0  0  0  0  0  0  0  0  0  0  0  0  0  0  0  0  0  0 -1
 -1  0  0  0  0  0  0  0  0  0  0  0  0  0  0  0  0  0  0 -1
 -1 -1 -1 -1 -1 -1 -1 -1 -1 -1 -1 -1 -1 -1 -1 -1 -1 -1 -1 -1
  -1  -1  -1  -1  -1  -1  -1  -1  -1  -1  -1  -1  -1  -1  -1  -1  -1  -1  -1  -1
  -1   0   0   0   0   0   0   0   0   0   0   0   0   0   0   0   0   0   0  -1
  -1   0   0   0   0   0   0   0   0   0   0   0   0   0   0   0   0   0   0  -1
  -1   0   0   0   0   0   0   0   0   0   0   0   0   0   0   0   0   0   0  -1
  -1   0   0   0   0   0   0   0   0   0   0   0   0   0   0   0   0   0   0  -1
  -1   0   0   0   0   0   0   0   0   0   0   0   0   0   0   0   0   0   0  -1
  -1   0   0   0   0   0   0   0   0   0   0   0   0   0   0   0   0   0   0  -1
  -1   0   0   0   0   0   0   0   0   0   0   0   0   0   0   0   0   0   0  -1
  -1   0   0   0   0   0   0   0   0   0   0   0   0   0   0   0   0   0   0  -1
  -1   0   0   0   0   0   0   0   0   0   0   0   0   0   0   0   0   0   0  -1
  -1   0   0   0   0   0   0   0   0   0   0   0   0   0   0   0   0   0   0  -1
  -1   0   0   0   0   0   0   0   1   0   0   0   0   0   0   0   0   0   0  -1
  -1   0   0   0   0   0   0   0   0   0   0   0   0   0   0   0   0   0   0  -1
  -1   0   0   0   0   0   0   0   0   0   0   0   0   0   0   0   0   0   0  -1
  -1   0   0   0   0   0   0   0   0   0   0   0   0   0   0   0   0   0   0  -1
  -1   0   0   0   0   0   0   0   0   0   0   0   0   0   0   0   0   0   0  -1
  -1   0   0   0   0   0   0   0   0   0   0   0   0   0   0   0   0   0   0  -1
  -1   0   0   0   0   0   0   0   0   0   0   0   0   0   0   0   0   0   0  -1
  -1   0   0   0   0   0   0   0   0   0   0   0   0   0   0   0   0   0   0  -1
  -1  -1  -1  -1  -1  -1  -1   0  -1  -1  -1  -1  -1  -1   0  -1  -1  -1  -1  -1
   0   0   0   0   0   0   0   0   0   0   0   0   0   0   0   0   0   0   0   0
   0   0   0   0   0   0   0   0   0   0   0   0   0   0   0   0   0   0   0   0
   0   0   0   0   0   0   0   0   0   0   0   0   0   0   0   0   0   0   0   0
   0   0   0   0   0   0   0   0   0   0   0   0   0   0   0   0   0   0   0   0
   0   0   0   0   0   0   0   0   0   0   0   0   0   0   0   0   0   0   0   0
   0   0   0   0   0   0   0   0   0   0   0   0   0   0   0   0   0   0   0   0
   0   0   0   0   0   0   0   0   0   0   0   0   0   0   0   0   0   0   0   0
   0   0   0   0   0   0   0   0   0   0   0   0   0   0   0   0   0   0   0   0
   0   0   0   0   0   0   0   0   0   0   0   0   0   0   0   0   0   0   0   0
   0   0   0   0   0   0   0   0   0   0   0   0   0   0   0   0   0   0   0   0
   0   0   0   0   0   0   0   0   0   0   0   0   0   0   0   0   0   0   0   0
   0   0   0   0   0   0   0   1   0   0   0   0   0   0   0   0   0   0   0   0
   0   0   0   0   0   0   0   0   0   0   0   0   0   0   0   0   0   0   0   0
   0   0   0   0   0   0   0   0   0   0   0   0   0   0   0   0   0   0   0   0
   0   0   0   0   0   0   0   0   0   0   0   0   0   0   0   0   0   0   0   0
   0   0   0   0   0   0   0   0   0   0   0   0   0   0   0   0   0   0   0   0
   0   0   0   0   0   0   0   0   0   0   0   0   0   0   0   0   0   0   0   0
   0   0   0   0   0   0   0   0   0   0   0   0   0   0   0   0   0   0   0   0
   0   0   0   0   0   0   0   0   0   0   0   0   0   0   0   0   0   0   0   0
   0   0   0   0   0   0   0   0   0   0   0   0   0   0   0   0   0   0   0   0
