Output File: out.txt

Size: 1 by 1
  1 


Size: 2 by 2
  1   2 
  4   3 


Size: 3 by 3
  1   2   3 
  8   9   4 
  7   6   5 


Size: 4 by 4
  1   2   3   4 
 12  13  14   5 
 11  16  15   6 
 10   9   8   7 


Size: 5 by 5
  1   2   3   4   5 
 16  17  18  19   6 
 15  24  25  20   7 
 14  23  22  21   8 
 13  12  11  10   9 


Size: 4 by 7
  1   2   3   4   5   6   7 
 18  19  20  21  22  23   8 
 17  28  27  26  25  24   9 
 16  15  14  13  12  11  10 


Size: 7 by 4
  1   2   3   4 
 18  19  20   5 
 17  28  21   6 
 16  27  22   7 
 15  26  23   8 
 14  25  24   9 
 13  12  11  10 


Size: 3 by 8
  1   2   3   4   5   6   7   8 
 18  19  20  21  22  23  24   9 
 17  16  15  14  13  12  11  10 


Size: 8 by 3
  1   2   3 
 18  19   4 
 17  20   5 
 16  21   6 
 15  22   7 
 14  23   8 
 13  24   9 
 12  11  10 


Size: 15 by 20
  1   2   3   4   5   6   7   8   9  10  11  12  13  14  15  16  17  18  19  20 
 66  67  68  69  70  71  72  73  74  75  76  77  78  79  80  81  82  83  84  21 
 65 124 125 126 127 128 129 130 131 132 133 134 135 136 137 138 139 140  85  22 
 64 123 174 175 176 177 178 179 180 181 182 183 184 185 186 187 188 141  86  23 
 63 122 173 216 217 218 219 220 221 222 223 224 225 226 227 228 189 142  87  24 
 62 121 172 215 250 251 252 253 254 255 256 257 258 259 260 229 190 143  88  25 
 61 120 171 214 249 276 277 278 279 280 281 282 283 284 261 230 191 144  89  26 
 60 119 170 213 248 275 294 295 296 297 298 299 300 285 262 231 192 145  90  27 
 59 118 169 212 247 274 293 292 291 290 289 288 287 286 263 232 193 146  91  28 
 58 117 168 211 246 273 272 271 270 269 268 267 266 265 264 233 194 147  92  29 
 57 116 167 210 245 244 243 242 241 240 239 238 237 236 235 234 195 148  93  30 
 56 115 166 209 208 207 206 205 204 203 202 201 200 199 198 197 196 149  94  31 
 55 114 165 164 163 162 161 160 159 158 157 156 155 154 153 152 151 150  95  32 
 54 113 112 111 110 109 108 107 106 105 104 103 102 101 100  99  98  97  96  33 
 53  52  51  50  49  48  47  46  45  44  43  42  41  40  39  38  37  36  35  34 


Size: 6 by 5
  1   2   3   4   5 
 18  19  20  21   6 
 17  28  29  22   7 
 16  27  30  23   8 
 15  26  25  24   9 
 14  13  12  11  10 


Size: 5 by 6
  1   2   3   4   5   6 
 18  19  20  21  22   7 
 17  28  29  30  23   8 
 16  27  26  25  24   9 
 15  14  13  12  11  10 


Size: 7 by 9
  1   2   3   4   5   6   7   8   9 
 28  29  30  31  32  33  34  35  10 
 27  48  49  50  51  52  53  36  11 
 26  47  60  61  62  63  54  37  12 
 25  46  59  58  57  56  55  38  13 
 24  45  44  43  42  41  40  39  14 
 23  22  21  20  19  18  17  16  15 


Size: 15 by 15
  1   2   3   4   5   6   7   8   9  10  11  12  13  14  15 
 56  57  58  59  60  61  62  63  64  65  66  67  68  69  16 
 55 104 105 106 107 108 109 110 111 112 113 114 115  70  17 
 54 103 144 145 146 147 148 149 150 151 152 153 116  71  18 
 53 102 143 176 177 178 179 180 181 182 183 154 117  72  19 
 52 101 142 175 200 201 202 203 204 205 184 155 118  73  20 
 51 100 141 174 199 216 217 218 219 206 185 156 119  74  21 
 50  99 140 173 198 215 224 225 220 207 186 157 120  75  22 
 49  98 139 172 197 214 223 222 221 208 187 158 121  76  23 
 48  97 138 171 196 213 212 211 210 209 188 159 122  77  24 
 47  96 137 170 195 194 193 192 191 190 189 160 123  78  25 
 46  95 136 169 168 167 166 165 164 163 162 161 124  79  26 
 45  94 135 134 133 132 131 130 129 128 127 126 125  80  27 
 44  93  92  91  90  89  88  87  86  85  84  83  82  81  28 
 43  42  41  40  39  38  37  36  35  34  33  32  31  30  29 


Size: 1 by 2
  1   2 


Size: 0 by 0


Size: 1 by 20
  1   2   3   4   5   6   7   8   9  10  11  12  13  14  15  16  17  18  19  20 


Size: 5 by 15
  1   2   3   4   5   6   7   8   9  10  11  12  13  14  15 
 36  37  38  39  40  41  42  43  44  45  46  47  48  49  16 
 35  64  65  66  67  68  69  70  71  72  73  74  75  50  17 
 34  63  62  61  60  59  58  57  56  55  54  53  52  51  18 
 33  32  31  30  29  28  27  26  25  24  23  22  21  20  19 


Size: 2 by 20
  1   2   3   4   5   6   7   8   9  10  11  12  13  14  15  16  17  18  19  20 
 40  39  38  37  36  35  34  33  32  31  30  29  28  27  26  25  24  23  22  21 


Size: 1 by 0



